-92866
4435
78577
88112
64873
-25724
-62
-89420
-18005
61747
7759
-84382
79453
68012
-7453
-99359
-98325
63715
-63223
75711
83494
-78586
29487
25929
-93215
-65389
-685
-23406
55857
-3672
-79081
14232
81756
98165
-26329
-99400
40208
30636
-25350
-46841
-56968
-56597
48755
59808
8166
51779
-59811
-62720
59029
93231
-47180
-30468
99044
-4042
-70963
52504
-81394
12229
-84686
-8886
-95932
-69868
74397
94779
-33079
-90894
50839
-30902
-57568
-35011
89672
60639
98045
95171
-78000
-46570
22152
36212
-51914
-19331
52119
7052
5420
35409
80546
-33398
43323
-90521
-60708
-94943
34923
40529
89563
-55724
32624
37516
65442
8356
-97077
11356
95281
-88421
-95145
-50918
36547
91209
23735
52936
45072
76526
41051
-4762
-79159
-85697
15734
-39801
-41157
-71540
-72655
76957
50596
91667
-68826
65641
-61689
54298
-89359
93858
61346
72465
-3515
-52117
96574
25259
-52876
-12517
-54985
-42815
21024
-8451
-93709
57489
33859
39234
-82150
92543
47071
91474
27075
75824
34
50697
-29265
58381
-52302
-91858
46108
-9013
-88619
-90434
66485
50159
-34044
-13755
20401
-66686
-48609
14522
-6479
-23111
-26238
87394
-66094
-39401
36624
17188
14926
-69499
24289
-10693
75734
-18127
-38214
68514
70361
43028
-38363
42214
-13300
-44856
58329
-12714
90398
71877
-47146
57010
80738
-58761
86858
-26202
-84379
64959
-93154
-16838
-22593
-129
94176
35851
-41013
64995
-42426
-69513
95372
32847
-67178
-67136
-7538
-75645
-80877
-90456
-79124
7693
26798
95966
91946
-29723
14626
36661
84979
-11413
37195
13461
13732
-98651
-83635
37304
44457
-31477
-75043
25347
-31072
-23295
-49269
-12885
-89582
69218
85760
31651
-58266
34690
-34348
-29296
61252
-37384
13238
7205
21271
-46473
49196
35781
-67683
-42400
49532
95097
44682
-44129
-58539
2946
-23008
75222
-56741
52518
-70417
75965
92140
49845
73022
-61411
5201
-6045
-32616
-14260
90125
8117
42680
-37400
32381
63794
-15808
-42342
-98017
25172
-4327
-18135
-96079
60622
93062
56881
33252
-18753
-4854
56131
63752
-72516
-63544
-20356
57472
-96215
-61839
-39490
37722
-50509
-70234
92857
66382
-51700
42234
-1689
64816
-94249
-84921
50934
-82858
11178
-90048
85360
40701
98146
-99615
90213
-56434
-75186
-99889
66535
23719
-59858
-76323
40515
44111
62098
86333
-54611
-89715
-81795
-88831
-6722
15768
82969
1119
9666
31338
78070
39874
-17895
-12214
-61462
-58420
84573
29174
75678
-63901
-15617
94598
76275
-95028
84632
-97063
43917
73260
79687
1343
-15514
58854
-50205
32082
30022
-12061
82375
-30422
-26315
-79894
98946
27397
-1705
30569
72254
-2158
4021
89175
41651
-15917
85909
69400
22068
52365
-83368
-85961
-97853
-26708
-39732
89635
55833
39045
-65132
-19596
4587
-7812
-53078
20827
-66582
-94022
-58251
38275
75226
-22750
52264
-54225
51904
-5780
22091
-16148
65106
-45209
60942
7573
24389
-39171
-1726
-30995
67148
37586
-11449
-69617
-11682
67089
11300
72928
-33983
34416
-8147
-91455
38533
-55904
-92569
60853
-71137
-63450
-44425
-41382
29085
-72919
17712
2914
59421
-21269
52973
-31675
12622
-54122
-85313
-92918
35345
-10553
-21183
-37389
-77782
-13486
-27788
27667
212
39900
25935
66720
40487
-1853
-89386
-98793
-46873
-21197
-20204
-69353
-63349
-19236
39635
98908
-39108
91571
9348
61700
65335
-63489
-76197
2362
-42057
38532
95844
-92972
13949
-88673
-44789
-29615
-37778
48513
45921
-94895
47312
29323
87531
21468
-52358
30152
-48894
98596
60332
66416
91247
55925
-94248
5881
89548
-16628
2173
96533
-51305
93373
77100
-58427
-51331
-83728
40269
-52427
-18703
-68386
-18874
9579
-43214
-97745
-11741
80057
95404
-63211
48401
83747
57195
76892
-8973
44707
84908
-33040
-44756
-52951
17930
-14038
-35826
-38527
-30331
52267
-70895
74196
47802
-49430
10204
-13488
-97032
-40454
69129
52376
60956
-73273
13710
81028
32325
86402
72782
847
29030
52226
59880
80369
20447
-97116
18368
107
-27325
-50376
-25041
56730
-32123
78676
-75729
69137
17119
-14353
-82693
-41704
23937
-34402
25393
76345
2292
48148
-38600
98713
11712
-14133
-75726
-71036
87804
15387
-21850
14636
21318
53664
-10749
-72935
17629
67186
31638
-40241
89491
-8103
76264
90809
60127
20477
90321
-57185
38308
73883
-56619
-84013
41738
-55804
4297
31687
-27134
90591
-22516
62599
49802
55959
-7644
-36708
16574
-15617
60336
35318
-6697
-81241
-52016
-24705
-35614
56401
-62796
26221
-85787
63205
390
-44236
-29268
-9218
33527
-60990
8720
29142
55236
65424
-42293
15829
11499
7235
48670
16445
44008
-18367
54975
66946
-46153
84333
93130
-91218
61426
-64551
97262
81616
-74642
-16440
-28012
83117
-22862
2573
-38073
-87673
92761
26749
11390
50979
-11875
11828
-76314
61168
77033
-93350
-34617
48405
48969
54251
-61765
14616
-29794
-91440
-47414
93213
-17816
68392
-1765
-85547
48720
81489
80687
-46876
9909
-16803
-23406
76836
-98708
18794
56627
-39121
27474
95643
73134
-49969
46885
-88847
-24275
54960
40916
-49748
66823
71850
-82628
-84446
27157
-43437
11283
-13375
83925
-32901
71340
94762
74941
-11685
38004
-83463
-83455
-71231
-94217
79038
-74892
-43335
29590
-69247
29869
-25087
-34426
25387
-690
-98660
96725
-99564
-47632
-91309
75250
-58906
3809
29014
63012
27934
-94198
35518
6372
19829
96250
42569
52439
95050
62987
-679
13866
60689
-92991
-7755
-6588
-26949
-91360
-65006
-81310
-90659
23683
25453
-56348
89010
-9354
76526
18929
-42408
45695
67825
-50066
74437
-94293
-52715
62242
-28299
76738
-60735
-76722
-91837
-62811
68287
-52780
63987
-38445
-74528
-43445
-40017
-11655
26696
7155
-50924
-47452
-29100
-3219
50031
17558
-27325
-25694
-96406
-36225
-60941
-64478
-36180
-40850
-27136
79339
87165
1039
-27003
-90627
26198
32976
-18330
-55527
93770
-7024
-15819
85778
-63483
43616
-97356
-37023
679
4189
10894
87861
89143
-87085
-99977
57585
-8453
-27872
50607
36459
91454
71796
-56969
77290
-71683
-1450
-86365
-12698
82968
-96122
-2775
-15103
58698
-75955
47350
84244
25829
-54459
-53442
-27448
82178
72257
-80897
76805
-45690
52414
-75408
41605
-84861
-90149
-10804
13951
89628
-39172
63571
39774
-46975
95375
10541
82275
-91027
72525
88422
92382
93167
94754
-20636
-58306
86139
-9629
96815
59046
40254
18500
-70647
-42341
-15233
-77146
40411
47286
-49243
-51884
28272
98047
45536
-98973
49802
30522
-14082
78236
69538
-71636
-39485
-88113
-37582
-14332
21558
-68915
-46259
-24044
-29785
4141
20533
-68898
-8041
-84014
37224
19614
7671
-59646
13310
83778
-22005
-75719
-68233
69243
34637
-72224
-85105
-76160
65399
43150
-2695
90151
17104
74367
-80385
48387
-10556
-25607
73390
-696
71951
20830
56909
-75104
7080
-43401
18038
-28961
-84177
22128
45476
67996
56029
32342
82720
90163
3802
34876
-14624
-91130
19170
27980
82801
-18344
13178
-46234
-1809
72332
53753
-57816
64195
-66906
75842
-52615
-12853
23775
-75977
-89070
-88921
12220
51231
24794
89881
-90506
-80070
-71470
-5415
-52270
26157
-41167
-45909
26562
32412
-21397
16047
-95875
19310
2733
76864
-93023
88322
40534
3542
-65932
-34706
9480
-33185
35641
-51889
46038
-34708
-19437
25483
50698
63065
6370
-14319
83276
27198
-39286
49352
-12086
185
99459
91145
82721
-40917
-48116
-64881
88512
-11877
73376
-28974
15818
-44342
70362
54342
52100
40631
28017
66163
82944
-2489
3969
-13604
-34622
-44396
-73783
-7853
31319
91786
-24347
22971
79263
-28473
87180
57573
-9330
11339
-29450
-63827
54828
-93504
-28540
-7132
-50822
6188
-61382
83760
-80443
21498
29436
10160
-40721
-80830
20044
79379
92818
50459
-37089
737
-41239
-41185
82915
84920
-74240
69266
-98101
14020
29385
-66249
69063
34962
3021
-85667
-92121
-23949
84265
-99327
-46117
-4971
-41385
-24919
78271
-63814
81964
-16531
-12500
-53196
54612
-52997
74910
-95470
-23381
82717
40834
52998
73503
-81707
13227
-55971
32898
-91308
69055
-4374
-19315
-98204
-24821
9684
-63373
-47279
67856
-71424
-61982
-86584
86572
-87730
-31838
-70979
-43021
-11029
-7672
-458
-43635
3529
95344
-69223
35977
34664
-46414
34043
50410
-93053
-42508
-1911
97650
16000
-28741
90601
46553
-35141
67176
-95268
50047
-42670
14313
9
62999
48595
-82076
66810
-45312
-37568
76118
5802
-20053
-42879
-8763
30698
77556
11886
-59804
66518
77695
74979
76894
5071
49130
62852
75194
99198
8148
-56269
-53653
60432
-25532
17317
93064
-34923
95121
-67719
-5363
92921
57801
-37606
-77984
-65032
-6254
25055
63606
70397
-14201
-14737
13594
-81480
-67910
26980
-86371
463
-70273
-77907
-67892
15380
47299
92100
-90084
65882
-41208
-12137
43796
-52955
41988
-484
-45491
90495
60980
98973
-27376
-87864
9961
-37713
-68227
-70019
87868
50358
-18631
-63833
10626
-67536
36368
-57113
-77922
-65701
-31548
-60421
-78984
66671
42158
-68491
-13334
-49502
-25135
77477
83203
55081
-63428
58010
48841
33656
22716
33069
-21709
7271
34610
-46360
-12789
36820
85359
-7591
72532
-91398
-80295
-53065
-98940
-73978
12923
-62350
5158
-83774
-47019
-72830
-99409
9792
-71077
75513
-95005
3933
-15612
-25194
8
41694
-84690
-21292
-3964
-18579
99035
81414
-12777
-65804
67525
-90104
53674
-92205
69109
57599
25070
-86758
53257
27759
63414
29075
-52250
-17257
39579
-70442
14047
-448
30096
-57463
-98367
-93760
26744
61668
19680
57168
-13240
33414
-11869
-68479
37370
-90253
-89886
80502
-83162
-73738
-78486
45992
-85803
43386
77382
10244
-50109
90553
11903
-21796
96419
71279
23032
32643
90532
-8684
68609
40652
-29321
23925
-66749
11856
21270
-31473
-91284
29837
-75370
5789
-57703
30328
-72125
-92995
63529
-86638
688
77434
-20206
19089
58988
-25476
-42454
-14335
-47103
4706
-17854
-47797
83640
-16235
-10674
27274
15638
94032
-81815
-4822
6877
46644
8124
96500
12341
-10431
94283
-40140
-98911
52390
-97982
-92179
97738
-54422
-15078
26589
-99246
-68956
-71474
-66758
-47959
20908
-70182
-5194
74263
-46067
-95276
-16789
94821
36301
84987
-49668
-55355
-99729
-56538
59719
76266
3753
-23883
56784
2980
-72466
7100
-19397
10023
-28213
-97987
53770
-33088
-76722
98585
-42770
-53523
2280
-724
53293
9150
54816
64816
87758
92258
-39782
-89671
75076
87066
-77664
48794
-90954
44404
-78243
14859
-75682
91501
-23897
-5607
-61079
-19010
-36868
-57227
66816
-36046
-35421
-68641
13650
-85813
90718
10688
50681
-55874
-26762
2516
-33651
-3865
81697
29982
60327
-42631
92955
73938
61576
76866
-31118
-59249
-55805
-93581
-58733
-41936
-80161
-62364
42511
-36925
-61684
-71999
23706
-36109
49779
60615
-81402
17848
-6898
55175
-23983
19121
-94174
-10512
-37260
-94244
76337
42962
19753
-54392
92321
9304
88599
-4999
-77199
-59721
-4419
-54468
86367
34103
-23985
22748
57953
56633
-59548
-56774
-76975
28031
61799
-17538
35273
10517
22123
-31796
-66551
-62038
-66347
-81130
66831
-98167
-28844
-45083
42446
83764
99880
-64888
-48158
-11696
88241
24156
12230
-3868
66474
55168
55787
-16726
76738
19432
-23997
38516
-98386
43271
36603
53035
62103
-74566
27649
-23338
87239
-32502
-82810
-67764
34265
-29066
-2484
14502
28128
-37041
87526
7462
-79661
10466
55069
-4084
-14258
-65188
-52057
-29625
-73407
-92597
33653
-51554
24596
-59300
-30894
66891
-7380
-98316
-46265
22615
22353
79835
-85148
77094
-24911
-99014
28483
-32538
-35976
25957
78854
58687
23814
-83796
66948
-88919
62121
3844
-99384
7289
34409
-82399
-12982
29233
-47503
75184
-82509
81346
-57080
-12831
14110
-85568
-75030
-80896
99234
54696
-51654
-90385
-43830
97993
-73995
-94738
-93507
-68865
59338
-58012
-36849
16505
-4819
-48559
-10089
38701
5294
-29286
60171
33936
-38668
-87378
73552
68037
96494
49692
46590
98977
72573
-72967
79778
16273
-24095
-22570
63870
79878
-89064
81007
8192
1137
32813
-70224
64949
43320
52607
-33145
40898
-69706
90017
12129
-4577
-77998
-31370
-53143
-85163
-57196
67452
-58164
84760
-8681
-38944
-72590
-92187
-15263
26526
27268
50224
87944
93082
-69946
-6064
987
31098
-3273
72610
-76943
-27729
-90098
-3484
32781
-45667
-11336
-52190
-46156
-45324
71575
-68503
-49137
1905
-62289
51154
-65914
-48625
72140
54493
51006
-69281
-29105
96433
52757
64326
33593
-34297
76601
-714
-17230
-19418
89358
96672
68642
-40069
17310
99016
84444
43876
23901
-23547
-59338
33516
77612
38419
92212
-55758
-57145
-78476
58301
55732
-70224
-47292
-62921
14277
73080
-20688
65488
-64832
94462
-32113
-57829
-91077
76530
-17973
-28283
3566
-94968
-3190
-99951
9465
-16600
38751
4487
60374
-49878
83138
90581
47797
-86050
55675
-39880
-57205
-87869
79215
60796
47536
-93554
87193
18837
-36954
18455
-42079
73028
-68058
-96155
14922
32006
-22388
-49501
-51423
-7110
-66049
39700
-51868
-9550
-38982
27246
75935
44027
63474
-34331
66585
64880
74100
44381
33990
-60838
-23594
39898
18105
79942
-61504
-38971
33869
-99004
-1949
-85237
-33494
-50129
-9184
-90043
-2781
-11421
-79368
29573
-7732
79747
83347
-8524
58779
46449
-62649
-35909
13100
92655
-48858
47219
15382
13906
47829
30676
76674
-8457
-83940
79079
-62523
-13602
66108
45886
-40659
-40778
57747
28609
-71541
-7629
69385
14456
89694
-1306
-65026
-59468
-64008
-72144
-7716
16390
-27278
-67009
33455
86634
74855
14390
70284
-11249
27861
10516
43900
55755
29073
-42838
-25337
-80903
75345
2912
48564
8686
-74429
-58721
9941
46648
-42933
-2934
86104
-99686
42873
38664
-29037
21452
38228
17238
65729
79294
-92746
-86188
-31296
-89704
-45211
88509
8296
-2424
-39224
80889
85628
8275
37793
44908
86052
46116
-72249
86908
57003
-86630
57038
-16220
53533
-94851
7495
37715
-5495
78092
95706
55936
6319
38889
52357
-58370
29103
-97511
28025
-68265
38372
6435
13346
-98298
46504
-13562
-18685
10489
-90710
33483
-78392
99079
-51315
-23660
-15412
-48135
28373
16004
89943
76427
68535
-3985
35455
-87993
83174
64908
-31796
-85260
-35395
58910
74797
81393
-31157
-92532
31149
65051
-82170
77134
3564
23900
-2631
-76540
10115
84535
32084
-1142
45739
91081
-60955
-2231
-91036
67162
26507
21076
29938
81744
13087
-98823
51805
-14421
-40804
-48153
-81026
44613
-55368
-8137
51781
-89341
2106
29693
-83466
-84118
783
18179
-62234
-33607
95428
-28348
-66258
-61278
-91089
-86089
45124
64355
77773
40219
-1352
-85171
5560
-97900
40659
50732
86511
-16655
46653
91601
-78372
-23835
60344
83759
-31629
11141
8262
74268
-6120
-31730
87329
-30001
23052
28322
16639
-52413
17460
9723
75865
48965
-82758
42188
90891
23865
-38257
35232
-44383
82519
77070
80644
57823
7624
72373
68940
-94969
76498
67915
35819
-34382
-92481
86291
-69897
-67900
-56223
-75690
54724
31580
83620
93103
-94776
49866
3438
-24147
-38860
6718
60824
-30765
-61312
11042
6257
47231
-73074
-36327
68554
-13776
-18083
33817
-75491
79860
94471
-16187
-72863
-2166
-30319
65223
69821
-47438
93151
-74559
-87223
66643
-37139
-90571
-60410
-95794
-81984
40799
36768
3751
-21692
50166
29363
27405
91085
-58655
73674
43513
38745
95661
96082
-22841
59640
99723
-47715
-53384
-66613
-1794
4179
-53958
36125
-70981
-7864
-55883
50496
-13720
-54191
-68120
93071
33553
22096
-53707
24371
-40471
-91294
53019
-1615
6075
78680
-50486
-60719
34231
61443
-8867
5821
64512
29135
85822
4167
64450
-80458
71896
13
56253
51848
-23091
3528
-8978
72169
29220
51631
-76513
-10698
-92474
-9890
91195
-2487
10917
62756
-84914
-19148
-13180
-52411
69168
-10684
30429
50787
57289
5501
-20411
-14049
99061
2021
61000
87536
12196
-66457
-4418
89347
-76132
89341
38095
55047
71144
-73824
-46973
-28547
78408
-20421
96789
71268
8528
-13789
1936
89093
-78145
44168
96947
48949
1981
-44022
-92420
25151
-80545
18065
32510
19204
-76361
-88771
-5093
81378
73796
80480
67555
-44643
34999
-67685
51550
93658
24146
-73566
56115
-6334
85151
64884
34993
44820
-61407
51174
32198
55950
-81754
-40161
-58324
-62712
-4356
13979
-73499
-5457
-36705
-64133
-38203
-40334
25083
48903
-18224
-39042
-4343
-69831
-72863
-80321
-71692
-39660
-93879
38076
-65317
82421
-91137
-66945
-78622
71684
-21406
-530
-69100
18129
93192
45183
16379
91579
30062
-18850
30919
-22849
96998
71907
98803
27802
-89135
62319
3446
-78459
-97133
-63050
62897
-89833
21800
49973
56914
-70412
-8946
-50617
-14695
42949
-44717
75866
46047
-40251
77939
-76797
-7623
-68668
-15965
-42024
-98108
-66035
72953
63020
-20941
72870
76730
-76296
-2526
-48324
-55569
-50562
-41932
70028
1994
8452
23632
78139
-28395
-67661
50959
27744
13675
-10130
36177
64271
42105
9842
13877
-86716
54748
15723
-18597
-28167
-4208
4715
-72178
77721
-95939
9180
40026
-19349
-42732
29303
-35773
94863
-44975
-6392
75750
-84558
-42524
-71282
-34581
73480
-82709
40760
28201
16774
79228
-67287
-97047
-86070
44041
75122
-73996
-94404
36300
-27763
-37466
-66447
-24627
-17447
-37331
-48269
53968
72920
20406
81094
23355
-6887
-55935
36217
883
-33018
35707
-15630
-51623
10937
-46906
92894
-19474
79756
63704
98532
-63869
-84937
98707
57822
-84585
-35046
-75617
-44332
-6758
13845
62652
23910
47929
47712
-47667
86725
20017
-26195
-49577
26779
-12401
-23311
73179
-29957
84073
28502
-44258
79736
-87462
53634
-33898
36740
-43965
-97248
18118
-66195
7359
-96842
95394
-61151
10869
21653
-77479
-4835
-80654
4071
-21930
22393
-15399
72099
98805
10148
-20617
88329
-33186
-19361
77228
-51199
13556
73320
-63895
18836
67463
47397
15470
25915
-80621
-4832
63985
-27532
3271
65885
-93610
66699
43478
-79761
-92901
-63515
27495
29249
2694
-97378
76396
-5533
72336
46827
-31520
-94898
-60108
93229
-51570
29634
-67737
21055
91932
63193
95395
85754
77488
-642
99545
95020
-37500
62592
-56213
-75310
33876
-60634
49073
-33608
34025
-26926
26222
3178
14999
-64903
13110
13803
-90034
82007
96518
-95487
88420
-5211
-65344
91547
-60435
84789
-27262
-1854
93904
-25919
-83573
-45062
-58786
4559
43928
-13538
76622
32037
-34183
44854
49963
-79237
-16538
-92181
-81481
-32920
76987
-34557
-17969
56811
-18533
74830
-18684
97254
18187
-4929
-36032
4786
33021
-99332
-99065
58099
5675
36915
24638
1498
-98905
47917
333
-24128
39316
50544
-52646
29992
98892
-33668
-58018
33108
51438
-22315
39738
16212
-79876
-35515
-14555
-83931
-47459
-33454
43447
14087
55035
27651
-47376
36558
83953
40148
-99350
48185
13258
52868
51559
52999
-58474
96988
53511
21734
-12973
86994
-95395
-31743
66781
-65906
-60135
37776
34567
12072
85143
-71206
-8342
-68995
-65043
78053
-10418
7219
85737
-24317
31382
-7118
-65833
-24906
81322
90280
61228
-65103
-95297
7405
34708
4465
-93492
-77764
91622
-55190
-55179
52812
-89705
28360
-99661
-17759
-73920
-23175
-13200
-61476
-14366
-18673
40143
86840
-90253
-64469
80743
-64872
-95690
-28318
60054
23454
-29555
-18251
55135
7779
71497
-92665
86837
-57028
-16620
-75245
20781
-95535
34718
-62547
19076
-29220
-41059
-19295
-68264
-60396
10936
87616
84659
-98040
82802
-30331
-92797
36991
76959
87059
-54741
-94675
88667
18927
6850
-69513
79865
89208
-97310
16369
77055
34918
75095
54362
44900
-89612
15126
-14035
-36297
-11261
99780
-29157
49565
-833
-50047
18046
46483
-56518
-17866
-77965
24774
71440
-58087
-36094
-135
-98050
58847
91117
-81446
-46144
53048
53791
-11037
-9159
75022
-31495
78798
-92486
30564
59802
-16233
-31190
11519
77135
-88741
57969
36434
-2149
-28209
-86081
29261
-51117
-25166
-43266
8883
32602
9898
75001
56057
10957
70567
58620
9738
8001
-7009
-64777
32941
36125
36411
6512
13111
90716
91411
-7839
96487
-55070
82376
934
16323
30693
14980
49711
12293
-25499
-62278
-17337
-65964
12882
42138
75919
-24251
-21608
16874
-67997
-91738
-22018
72199
-89711
-33926
-49145
-55615
-43064
74004
-34481
53148
-3322
40782
-91171
67941
-33753
-96604
-22730
-56597
-99385
-932
26761
-65172
70249
-87069
21474
-32444
-54374
71503
-12772
-63469
56858
93458
-79765
12722
47141
-31501
-35259
-39995
5400
59492
93752
-81134
68113
12133
-74758
86864
23957
85297
-16739
-41106
-49660
15175
31150
65228
78158
19303
26656
20554
95978
-25229
-4742
82599
32140
-98070
-25472
26656
-15447
-55825
-60588
-26115
95556
-89116
-21232
24526
-66383
44054
-53349
83422
-31552
-38115
22709
80704
31426
-19970
-34963
-10624
-31445
-54973
3189
-74509
30356
10226
-74998
-51351
-28696
-6014
64386
-84557
-27286
-18127
-70362
13402
59284
16536
-6957
-93517
91777
78371
-8606
21305
-20415
14556
-25599
7455
-9172
-22460
-52016
-14650
60206
-79252
-28779
-56020
-40110
-69260
12579
59609
78610
56189
9098
-64079
-17964
-57634
-10961
66202
84529
42287
-76174
-47781
54756
1162
-91344
68084
869
-19551
-75867
55579
-36216
-86210
-34188
-79243
60646
16137
79334
-39709
-96901
1483
73284
-93336
33283
46934
-21675
-26112
-17855
-50541
-63657
21787
-49059
-15280
52491
7250
-1309
60894
1784
14411
88230
62726
23787
-21472
71330
44590
-80755
-86165
-9601
-16250
-82124
-63725
62478
-34724
2800
17544
-84088
-24195
-68392
36596
78820
-19473
93078
-44741
-86973
-683
88655
85523
68638
-63165
26868
54795
-91891
-25183
-3075
-20206
-46538
33763
-98165
-95611
-84188
-65451
63623
17291
-66389
-62572
20249
76741
-72896
42547
77994
-15824
67213
20051
-23440
-62419
66633
30947
12872
-13349
95416
-15598
85706
-45150
-90848
-88203
-23112
-74836
34905
37639
-12435
-81295
27446
75587
44336
-28302
-39098
44456
18454
-36835
5489
87799
27314
-19107
87508
-26157
-81747
668
30462
-83471
-86496
-16905
16039
86696
-73419
40261
-73106
-12826
40559
71581
-1448
31031
-58332
7404
59039
-22042
53214
67168
-90258
40734
42511
49296
-52050
91016
-21723
74768
96325
-34892
33121
-11169
-49229
-71966
60750
-3989
12159
1509
83978
-72892
67120
29520
-93748
-41227
-45208
-23551
-6259
-52919
-95815
-56909
-81314
25651
63022
-9748
-36326
16620
54079
-43261
-60438
82090
78562
26894
-60623
-24231
-63430
47587
36517
-20935
57078
46545
-10050
66173
599
76315
-11144
-69195
4647
-44812
-42416
-3804
-63704
80838
7010
67192
-10335
81538
-62938
41419
-63053
-52607
53682
-3163
91363
49590
-1
-53505
-57556
98660
45864
-77318
36033
-28455
-85508
-61812
60211
7376
-34652
97186
28834
82797
-12654
-62642
-13784
2150
30729
52870
-97994
7718
45713
-7801
-14250
91265
57837
75214
-51687
46908
51817
-60232
-80278
-98401
82306
-97515
37409
-34047
10721
27527
59790
-97972
69827
-61821
22944
27744
84400
18426
-2947
27098
66217
18829
-67900
-12064
-75384
25930
-74176
95526
-66827
21630
40460
-77775
-23933
-72785
57574
62582
57494
53811
-67824
-42397
4274
-67412
55369
-67408
21477
-92809
-46489
-43052
20024
-32435
23274
62665
69675
-45116
83645
-2946
56877
-13114
-95501
24762
35376
55352
-22188
49297
-1575
60648
-45673
-59004
3989
-44371
84835
-89535
14701
6091
-72822
42534
-90945
52049
81117
-94014
-98506
-19718
59693
8905
-33700
-98886
-40699
94789
-75632
8474
-8508
-76616
60178
95228
-84643
-94834
22935
-91403
56726
-19436
-97340
81826
-50681
19295
3446
9287
65481
31387
-29447
-45062
-37034
31403
96711
-40291
45752
52998
11230
-5567
-57691
-33298
46370
-34719
77653
-67906
85653
-69021
10299
-59156
51273
-51650
-6891
71163
52140
27212
-97152
-83466
2745
15585
-92851
-7415
78350
-65812
-84779
79407
-5889
44898
-74518
3293
-6273
-30696
79615
-86698
-28454
76987
32549
-52448
87824
66493
-35178
91844
20936
43500
18835
-4876
-47951
2609
71878
57737
-96508
-98056
51416
93113
-43819
-89105
-38631
-528
-28350
80017
-74928
-68589
-24715
64228
172
-70773
-92148
-57755
-71902
-30246
72701
-82661
-55691
33946
38806
-41847
5118
98484
-53688
-26289
-93643
-49162
72028
-18131
12999
-89383
-93879
83253
-78616
40256
49564
16012
-13336
58449
-23371
45129
15127
-143
-78219
-52699
-81373
1055
18081
-19336
-50605
7585
-26080
9365
-10683
55961
96587
-72681
-93025
78028
38856
-43057
13777
36525
-10595
90609
-53476
46432
24612
-18034
-35442
-75772
-57500
97465
-80099
21361
11761
80407
14246
69268
-8083
-86895
95591
-90590
12085
-39848
28295
88716
31002
87610
70144
-26218
-78352
-31984
-23041
-37307
76434
-67766
85161
68996
-7861
-27398
-35505
26924
68602
-18421
23803
-32136
-82062
-91955
-63756
62727
-76371
71869
7903
-63819
99267
73156
98575
-32452
-69061
91675
-40974
-51796
95344
-64073
-92942
-11685
77694
4796
-83597
-89320
4425
56069
-1415
87582
-38028
-5044
56179
-86439
-73291
-58005
-92967
-40680
-22857
-34713
-33843
69086
-20938
82141
-13283
84348
13085
11821
19506
-77641
67936
-81326
-92696
46833
-41283
-12164
67419
-16126
58519
13719
96105
-14999
-91786
36929
85484
-44605
-34174
-75431
54946
84263
40198
-91013
-83482
80258
52933
-24062
-44022
-39657
60380
-47463
-69505
-56725
-86965
63039
75214
17710
83036
7582
-59256
52801
-79387
-50748
-75823
97320
33687
-3417
-40870
-14537
-27442
-94439
48316
-46750
-975
32535
92691
42677
63066
29969
-21751
98872
56236
72647
-40443
97957
-96757
11822
-47793
24459
28240
-51595
91227
63560
26618
38290
-88516
93839
-27612
-41388
1688
-2672
33842
73994
-19062
-13502
-33705
51760
44354
-83100
-66358
95323
-10413
-8610
-49937
15753
-83312
52702
65731
-62810
-42206
15394
51263
41200
58300
6088
32006
17052
4479
43039
-44828
85292
19232
-71502
57596
68548
99117
90155
-72075
29793
-53197
-2734
53349
-25194
-22755
-4044
15403
31642
11935
67040
36507
56081
62297
2854
-5193
-81841
5097
24146
-20603
-4146
14406
-86572
-48856
-38722
-98135
-28667
-51049
42665
45371
60348
18690
-84771
83152
-94424
26242
-69605
69469
-52968
87457
-1115
26225
-51597
20907
-63703
14855
98513
36901
-61730
81792
-594
71886
16937
-26938
-63188
19863
-39360
-13045
-10082
24682
70175
41154
-41276
69331
67869
37503
-45162
-98674
30057
-45009
99883
37030
51265
-58802
-26240
75182
-1624
-42655
-42141
-73640
86942
18018
-88653
-72178
-40095
9667
-91896
-16131
31606
-2423
-41910
-37309
-7296
-66564
-47869
-19626
59648
10535
6865
37248
50304
-30080
-98806
-53510
-59300
1500
13947
30734
-58585
32711
-15261
51999
-7554
-32154
-87193
58949
-72067
-2919
24976
22890
72197
59556
27868
5131
-23651
-18088
92361
66045
33102
11736
-52165
27865
36237
42565
76449
94312
25398
-98473
-97223
38179
21266
97060
94159
-28908
14362
-88494
-37214
-34980
-9127
-24649
-69109
67216
97090
-27969
-92043
-13123
-68535
-85485
-90500
-5516
-88919
61295
66907
51871
-81040
-33664
91238
-77670
72661
30858
-41238
87065
-60065
-2934
-50311
-81365
14613
76784
-70653
-55999
66336
3044
51728
45302
84966
-23456
-13486
-7742
-29946
-19087
-11107
-89509
99754
-65383
-2286
-58207
-79132
-61269
-82553
69910
7036
37409
-35952
-70482
-30425
-50036
2711
-472
43582
18797
50088
-26565
94309
30963
-62340
31443
56636
98254
93523
-75875
42074
-34599
-40538
12973
11738
-11856
65720
43606
22443
89310
-82790
86768
89141
-27314
88559
76249
-99080
16767
74246
-319
-71888
33896
18370
87923
71523
9567
41413
45204
5566
-66683
44492
79220
95297
56988
70244
24876
82368
71722
71571
-46259
-89744
-26522
-20423
-19760
-23079
11316
-23708
61843
95332
-20768
-53367
-5084
79559
49974
35655
34480
-74453
-73269
47577
76250
-94574
9726
48697
11767
-61229
-39355
40404
-61010
66488
75801
-71157
96887
1340
-93509
-24108
77121
-23850
-56959
-2269
31025
8647
-86710
-62037
-35222
-52001
72999
25334
-50626
87342
75781
70585
51989
44507
-87840
-24005
69489
-2997
-2676
-80317
-82971
29662
19764
77329
-35929
79723
-73736
-9386
-32029
-6065
61602
47511
34612
22348
-42609
-63781
-72698
10034
23150
-75971
-4511
-45824
-17732
-23561
52534
-57658
33046
-31768
55029
57018
-73049
-46837
-29367
-34242
-6229
37731
84416
-81133
91211
98808
27910
-51019
70867
61991
-20717
17380
-39546
-84890
28305
17823
-25365
56878
73740
83286
74640
70061
62718
57946
88442
2237
-85366
24422
12839
99574
63343
91268
-46610
-17508
-69179
20097
24945
-46261
31532
20065
-96101
-12948
71069
24135
98755
78654
554
40726
-86637
-95140
90789
59123
20562
-48833
-57221
-2438
-87398
46560
56466
-63586
98329
-93850
99471
-43597
73186
18281
-34725
12652
-82025
-82267
61824
70003
64778
-8596
-97630
-23523
43971
-57466
-3476
292
53875
38888
-12672
-76699
15522
46677
-42895
46868
-23906
-71985
97197
44790
59067
1442
8101
48733
77698
68031
24580
60588
96835
51390
-58503
-99925
-65242
48767
67970
-66664
48549
57371
46044
73021
-83591
-46381
52471
7737
-63789
-57305
-35530
12403
37874
-69054
16584
61278
-74803
20050
-88768
-33845
-76697
56732
-95981
-21987
95161
-80953
22057
-26365
-32326
-5100
-7376
66192
-43146
65205
-84117
1102
-65968
-97435
8682
-41177
-94454
-80537
67394
64477
60305
-43371
25182
28935
-22963
79929
-32927
-18666
5212
-47473
49097
3924
68114
14822
-5337
76558
91679
75509
50571
-88523
47046
-98100
-16831
-2359
49426
-90221
36255
46812
-93936
21881
-13303
51105
13872
-13752
11698
23819
70978
33461
46225
-35
-15223
-3593
-85346
38097
-12026
-272
79683
4191
20730
-38043
25660
27746
-91100
27173
3071
61514
-13586
63576
29974
-57695
-25103
39758
-65742
-38864
58032
54181
-44978
-98187
66145
-52390
78774
-68783
-49502
-39014
-46566
-94774
-50504
5244
-22723
41280
39107
-93178
69102
-32081
-43281
-62060
12829
-1508
14821
-78116
96685
70462
55293
-34621
75406
-15844
-20076
-64552
-56299
32301
-90240
-28769
-48141
-62936
80218
85318
-97054
-74542
67730
-80543
14835
9234
50826
-26430
-19561
65501
-96418
-58180
57900
2733
-57948
-76649
97966
-22369
57093
90505
-42772
-75857
-93247
-22963
-59055
-86233
-30239
-37573
-50251
-75398
33332
9336
-63303
-36697
-65300
-19790
27654
99876
-45262
98743
23616
-64941
59623
69849
-57815
13390
-72763
8132
-70524
91536
-78483
2739
10708
-93391
59323
-69478
70638
-57804
-44018
17419
990
21382
-83979
-10344
46730
78618
-97550
-49735
30375
65208
74182
13377
-67695
-50182
-4529
36985
80202
-40914
32809
-53562
54841
-84200
-721
40388
-68240
-34759
-12205
-53454
-64835
94220
67818
69046
30895
73234
-49438
-96299
-94389
28844
71528
10040
-44343
37924
81747
-10207
50391
-19262
92285
24106
-89043
47190
-75980
58218
27199
-14839
55206
40817
21933
60669
-13623
57747
99350
-72158
-99569
-90055
-43937
53719
-46679
-19501
47705
6506
13222
-27314
-45075
18751
-82800
-86467
-11445
32800
-29001
4491
-38204
29848
32616
8176
40294
-91042
-7087
-52449
20419
90901
-62153
-58121
-11881
-97674
43411
-60676
90996
-19125
-88008
74305
79850
26525
7003
19279
42661
-86628
-2379
72250
-17644
-75690
-50373
61995
38701
27780
77552
42417
-17503
-13863
16415
-41301
-53532
-99020
-74391
-68675
32569
-38511
-61217
-89252
42094
-80590
41288
2658
-27493
-37019
-33910
55014
3935
-46034
-24479
94450
25065
-34815
65415
57219
42997
89327
-21970
98876
5402
15454
62697
-47799
53376
19632
-70001
62937
-35919
-25359
-22663
90969
79367
97134
48848
8065
43972
44390
-98185
-81661
57645
-84869
-23638
47371
32840
-63798
-22461
-23297
-56637
-26113
-24664
-31248
-10898
-42684
88409
-40853
5559
-29436
30705
58035
-86909
-66047
-17594
-79645
-6667
84350
-45484
84414
42720
89523
-12873
-49933
6029
-70608
-84103
-48061
96563
65695
96520
-43672
-22814
62913
50815
29951
-2419
-77933
34694
-90372
11252
-99129
-72678
46007
-70892
-7660
-28307
24963
-67144
1317
-64820
27909
92166
-19971
-41342
-94775
-75419
-16881
-11492
-82865
-98216
5869
25421
-36101
-76310
54288
58293
4373
-59417
-36263
83682
88783
-17591
83587
55368
-83321
53961
82616
1933
61233
49620
-18380
-95303
-75407
54888
71383
-89744
-79778
-95771
-20382
-98629
14832
86408
-76912
-13059
96067
-9562
97240
-19119
-29414
2574
69954
43841
92507
-96572
17460
80063
-45477
68268
-94075
-32913
-3063
14197
32515
-74551
30577
-7819
-85122
97740
-68958
39559
-42864
-26096
57888
-28725
-35697
-43101
-56196
25762
31531
86152
-879
-52645
-21527
26633
8638
35061
98395
-9610
-15965
87128
64989
-30404
-6148
88084
70513
42543
-8129
8990
-27066
44226
-93532
25710
-8548
-41562
-4647
-92352
86952
-29192
18070
13631
-29600
-43659
-71949
-35472
12336
-56828
-46593
55856
-83616
87836
-63439
-54374
-4312
-56441
-35923
-36535
-93285
-42552
39319
-72817
66507
-86446
-54076
54170
-32351
-69405
-16821
-45199
11110
-41716
-95569
40099
71589
-73787
-15210
59744
-29639
69038
33715
-33208
99013
91468
93604
71789
-67024
-81168
-16974
49235
34061
-62536
-68514
-85261
87444
-22997
95536
-98187
-31942
93502
74152
69697
-97560
-55483
27133
72949
44892
57939
-34654
-44629
13055
-38746
-93739
-78014
19351
-88986
-50107
-47852
98295
-78502
90811
-50986
57668
60108
3949
-35389
9658
11571
81870
51742
69371
30227
15992
901
27533
40953
-71551
97398
-86844
91547
-75073
43808
72129
51077
52670
-24064
1625
-71
-79290
96283
60464
-70022
-73851
-68297
9440
-13887
78718
-77271
-20671
-39059
-51371
96995
-1635
-14932
-20527
37425
29699
78416
87663
-87918
-39604
-79072
21838
29888
88167
13557
-73401
78570
-10212
40286
-80271
-37965
-18626
-74563
-20827
-22306
-32819
64860
-45314
-77694
62228
74718
91204
52609
62820
75284
-14299
-7319
7554
26118
20713
-72077
78650
-90095
43705
64269
45249
22031
2012
-71955
-71482
-59167
79274
37343
42520
-54195
94644
-88001
52602
4906
-47595
94555
-32034
62792
71465
-7067
20225
31088
-46191
-1734
-15060
57800
-66039
-80060
41989
-47949
-5662
76715
45640
41213
2806
83915
4740
-90046
20920
-1965
68984
96116
7165
44949
-41028
-28292
-74688
-12641
-95283
-11161
-23943
60525
71436
-81762
32719
-11212
69335
-56761
-99090
16486
24222
-33619
24089
70539
45915
91780
-70141
61535
47161
-11391
-46130
-69132
-39776
62699
-25830
79267
22204
-37273
6666
2018
-18953
42008
-57660
-98495
64614
85948
-52863
51703
50166
45709
-67963
-94318
49326
61605
78838
-6626
-3819
95131
-76756
90625
-71640
-57660
-4402
74888
-52872
83364
37931
55679
-70059
-92041
-8131
60031
95317
77300
-97692
40553
-98254
-70866
32381
-88795
-11452
-79866
-29103
72872
-26673
-65771
97305
74354
91942
-3022
-21819
-95027
-4406
-74912
42620
-83015
77265
7769
-62136
-68650
-14678
69927
10464
-6135
35319
14364
-36319
-92308
69976
-78931
-16614
-4797
-31581
-93848
-75896
-42444
-93511
-79218
-35038
47002
62290
53882
71930
26549
6188
965
-58581
-86424
-151
-41194
47758
-10842
-21695
56802
33487
24516
-23157
62617
51540
-1223
32702
70204
79253
-8434
30203
-80543
91777
58858
25949
-19614
6829
-41225
27428
53561
-31673
-12452
17351
80973
-5705
-31922
92125
-60152
-44152
41405
93090
-39300
-71834
-21317
62949
14655
49880
-60698
-19778
-20491
26966
-14278
-88453
23364
69316
51179
54735
42342
-50903
72503
-60203
-57180
98598
-39035
58707
50390
69779
97054
-84856
-20943
64492
-14119
-35111
-3313
-70289
-84178
86906
56203
-24001
72560
-61506
74356
-53105
14777
-91299
10508
38809
-8872
-88863
66963
86243
26368
-59059
60200
-78506
-7362
94115
76553
56787
-84816
6239
-42240
-92593
-98650
14887
88649
-3379
9502
-10273
-5001
-1121
16132
24882
58243
-12593
54992
-78201
-14351
-14183
-85781
-70806
-12108
29837
-79300
91639
42777
-55007
-97127
-55041
-79154
-534
-5062
-75983
60278
-98275
-41104
61674
-81436
-90581
79225
-33734
-40273
-87826
25188
-24429
66591
-30097
-9639
38073
-27335
-27266
13113
-88105
73566
26974
38362
97954
-66945
80083
-78965
-42137
-64241
56946
-6609
-19593
-88288
-77645
-44538
22261
49882
-42631
33969
60254
3315
37158
-97231
-63338
-4746
51072
-76802
82619
80063
-73704
69671
-58205
-8836
51854
-29306
-26570
-11534
-2922
50041
87578
92168
47769
28592
84437
-90723
-59348
75317
32087
-1243
-56498
21641
642
88928
-21526
59434
37740
-9233
-55263
-98788
85334
-9635
3946
41695
-54733
-66532
53255
55794
35211
32215
32887
-79436
-16074
-93294
-69740
-27807
-98330
65702
76613
-38428
-14928
96229
98023
89169
23204
24655
-66257
61876
72174
-39768
-630
52488
-23597
97576
93389
65107
48563
-89576
53784
-49515
-34050
-74413
46549
-50730
-53076
-99279
-75983
-64940
-19684
80185
28599
-18670
62546
38662
77962
-66153
94456
90449
99819
36932
-87010
-64701
59184
-32603
-82961
-86319
-4817
-63502
26805
-68106
79504
-75629
77164
37138
-41866
71084
-61661
46491
88296
72702
-5832
-43337
-34048
92997
-61362
-28738
-21095
-35822
-38728
-57409
50530
-43597
40823
-23439
26601
-55665
7751
-84173
-33283
-99752
-29994
-62756
-40150
-58872
-95525
59455
-28459
24383
-48721
-40153
-17789
53538
-63061
33941
-61877
-31262
-97081
44455
-14607
87811
-25431
-22546
-91235
11295
-37439
-14963
-50766
-48510
-90831
-66972
9585
-52685
-45833
-98334
-20451
-99849
72981
-75874
96325
86316
-2458
-2356
5906
26438
75415
-49055
38557
-32445
-96440
35659
-34831
-12629
-24220
30785
-2046
38426
-37568
5742
65242
87336
-15851
-73931
-89643
64470
34773
-56078
86001
-58548
64180
-60392
79824
98763
-29643
-69508
39416
-86897
77617
73086
55572
70718
-84332
-79939
5161
7958
-5334
63721
-62219
44141
79500
-81252
65717
-87210
92622
70098
-97689
-68042
96572
-6995
61592
68408
93550
85560
-90158
-49219
64036
-66375
77664
-62199
52042
55698
-10094
12308
-44104
35372
-33207
-54174
74477
16660
71548
-42563
90155
19700
14018
3061
78300
-90887
-63963
39099
-17091
-54563
-87180
-14702
-20097
34684
36803
-56692
49703
-49803
34685
-7898
-89158
-99762
-24217
92126
76895
73733
-92614
-30366
84157
-23238
59697
97679
95623
12837
56170
-57344
-61186
48684
41165
-44787
54968
-62675
54969
47147
-84528
-64085
69164
-66252
23051
79091
-70104
48864
-97890
79024
-84797
18114
11008
-85361
96395
22214
-54852
-47301
-68021
53049
51457
-86758
-87042
4136
94288
-59086
46812
26904
-85225
-48030
27656
-4734
55818
-26165
58811
-35117
-9196
77212
-33314
94320
-30269
9051
80969
-69070
-66567
77277
-73157
-53670
-35035
-28658
65524
84181
25897
-77605
-25384
8520
-94481
73769
95891
27698
55940
79231
-40698
22844
-70774
-38728
63018
67207
-93526
-89446
-2828
61213
45885
98030
60237
77495
-70840
-9926
87183
-78360
-30838
80362
-79801
38240
68038
-50465
9734
76668
60648
-37655
68610
-44282
55314
-22186
92452
-2452
97901
-7814
-18552
-58545
60992
-34834
-86760
64282
92933
-83507
19772
92281
-39731
-84684
-31085
26216
11406
69544
-31242
31034
90810
-26483
-73156
-4842
49430
-29367
-1253
-30916
67839
-16382
9128
-90677
-83198
-41050
-81803
93708
16737
96492
-66361
73552
-80648
-5291
20915
-13669
-72764
16307
-82731
-14686
-99992
-2321
-72218
-54872
-8319
-18676
80367
-65886
-12160
68538
40611
-94032
33900
-49895
-40167
-35894
-49793
-12569
23978
-87622
44681
-79888
-12509
88785
15412
91778
59098
-39712
87132
-47568
-88124
93037
-18607
-18574
-77989
82374
28084
-76389
-64759
-99814
-5951
-68362
92307
-78066
86480
-80443
84890
-70732
4342
-78114
-77963
24035
21228
88083
56183
35432
45592
32419
63984
-31062
-36497
37057
-41520
-33450
69010
-78090
-5016
-23038
31840
22142
-54032
15026
-67577
52461
-17568
34637
-94938
-46479
-65936
-57504
81979
-90267
11263
57875
-88099
99489
43848
50242
40152
-9381
31764
93911
92215
29681
-28264
-49194
-72986
-96570
4643
89933
-10651
47190
6165
3966
64120
63960
18371
19094
-29592
93535
71296
53395
82087
-37276
-94443
-28171
49535
3335
23650
-78300
-10737
-35915
21809
47306
66016
-32156
65407
-56655
79623
23429
57016
-62880
79828
-93153
-67354
2187
-24969
75075
-45414
-89707
-94810
21504
-94217
38107
24087
1583
-76598
-23186
-8771
-59459
-54736
30348
25962
-82885
-42298
82469
-81807
-23349
30486
81528
-58923
95449
37802
-70084
41470
-54063
-38749
90144
53053
40555
80662
-70954
35344
-71232
66455
-29427
-41036
69482
57363
-83848
46758
48873
-54581
-1813
-23171
-3554
18354
45064
14225
-88554
-99353
18996
-73743
-19800
84372
63930
23863
51039
-97194
17154
-53867
-43580
-28038
55158
-48525
88022
-41768
95325
2901
-97739
39893
82250
12383
11487
44754
80831
-55817
642
40795
-36506
-86415
-63206
98856
-63318
-49330
57573
85873
-69916
35158
-3747
-73101
54853
-1959
80771
83144
-22558
98754
-68452
20712
54103
30272
92584
-47772
-25805
-38535
-69296
-22136
-8955
-94825
34187
72322
30189
-25038
11183
40138
-79797
45977
43130
11791
-78563
-71523
-87463
78712
-52203
49281
-58990
88941
-27585
-62919
-22457
90729
18300
83414
-39824
-88838
-56941
-13593
22476
-26999
92191
71302
-88517
-25843
-21213
-5376
-80336
29674
81351
26700
19398
74410
-9557
-81302
58685
62611
-12093
19398
-48973
-6883
2258
-17546
29019
27413
-18009
83213
-34708
-5938
82648
-42053
-15909
-9778
-88520
22671
-20970
77342
95318
31064
98680
63104
-11005
-63164
69959
32833
-24269
90564
-17654
80119
99496
-48813
60736
-58666
80586
-31396
-21817
-2331
-87538
-59223
-29277
40306
-59356
-62912
6252
39015
-88056
8432
3535
67276
7295
88807
-28907
-73985
60759
-40726
70913
12301
25171
47897
20616
73713
62515
21402
-15429
62240
71683
-90606
59777
2752
-44051
-67603
-17282
99033
41109
84958
-70482
31194
71720
-11430
-39511
26510
-90080
-29087
49109
-94515
90471
-89609
-25718
-41233
23609
49269
-97358
65955
94368
-93063
-93903
23736
-24428
-70639
18819
-68420
-22074
-10474
21395
34061
19107
39718
-45057
20007
36290
86315
72118
-30565
98259
5670
17429
-68986
99895
73621
81773
-71656
65929
43157
-22900
34186
24329
93172
-95871
-95893
91223
-12548
-42360
19045
-25104
15096
20509
-85001
-91254
58832
65810
-70526
-84214
-65244
25887
-74256
-79750
-81756
10548
-83481
-61962
-78966
-54476
-32397
81924
96722
76208
-46329
59117
-96843
18443
-48877
-48709
95419
-54079
80553
43918
-79106
15617
-23577
55844
59728
82932
-56656
-99420
-53108
-28393
17174
-30105
21162
12456
4827
-99805
2985
-95042
33725
-98310
31499
-75928
74571
59015
52261
-12341
-89430
-16071
-26696
83776
53433
-61136
-76873
-8034
-76773
3029
-46637
15978
27937
75519
45435
-18018
-41399
-52531
-35619
55849
33772
-50097
44608
-83013
-9452
-91611
-58677
81890
-86088
-61744
-69317
-78908
-82571
69220
67375
-91342
-24275
93036
93827
-33556
-87091
20850
58942
-30019
-38889
-7988
46751
-43874
66433
-41040
52519
-38556
44539
-58738
87360
-13240
44348
-23013
23264
48545
-14048
6337
56989
-2663
-55514
16638
-70328
36443
-33338
-9645
-13949
-9572
38520
86340
72320
-64258
-71370
20544
-55924
33875
55765
-60022
57635
93562
-8065
-88518
41197
35387
10073
90829
-63899
55294
97554
35522
75604
-2888
-75155
-64140
52963
59765
-60810
-69196
11129
-4234
-44108
90704
55030
-39575
97198
62217
1916
29308
16561
46289
73357
-18738
-33763
40624
-88586
-87751
-97957
29714
50634
89816
66954
-19905
-47586
-76015
68947
31938
340
24876
-7699
-66690
24714
59778
14898
14679
-64264
-79584
36187
75790
-49184
35862
91924
-90651
-25836
32741
10471
53452
12938
-57336
-46407
-17241
-64560
36378
-8153
53104
-35415
15693
-35086
86014
56573
-48715
79221
95992
37135
29258
97129
-98534
93728
27404
-39493
-86851
-72500
91347
-177
24582
-47480
-89849
1782
83119
98232
70493
-48300
29389
-1
-79280
-36746
71371
50268
10536
62281
9340
49575
-30918
32277
-47291
59779
-89050
-6299
24029
-71477
13546
-20041
95516
51815
30107
76401
-14754
21679
73759
25886
59318
-92264
-22756
-64077
7663
-77669
-49589
-19180
54320
11832
-49760
91934
-8139
2212
6231
-84223
75900
-86675
-14719
-44417
66905
37386
28926
91557
40112
63996
71988
35147
60361
46667
99890
14220
35429
77620
-84945
4044
-54888
-81657
60468
23073
-74866
17717
-3374
4230
29604
-6660
-91825
-53964
91281
-44452
19167
30166
43035
-21585
-8418
-51426
-91868
-69565
19696
57700
-22442
76426
-66843
42837
64947
29318
-14359
-83729
63158
10343
93511
-29815
17764
84665
-43655
-73588
-31714
76751
-31850
98251
38658
12793
74766
57296
-43455
86122
93362
-74453
-65028
87896
-55602
42966
49952
12463
38278
49161
-82203
59335
-19761
-71985
-71927
96033
54236
-43476
-22285
31850
70212
-56782
33760
39654
-55067
-43209
78135
-36570
-88607
31074
44500
72620
-21150
88092
59549
-22502
-4848
19215
47818
-1616
-1731
94832
-67535
87596
-49951
-47752
-65583
62863
45890
93704
72877
-83737
8481
40473
-59140
63195
92573
-82376
-44802
98062
-81674
-86329
-4638
-92956
81397
63078
45690
-84088
-104
-81089
-73825
-74180
55294
-21443
-3581
2334
-81488
1796
-90711
62564
-39548
16696
76617
-25623
69544
-2809
91372
-69781
38675
-49955
-99334
-8686
-84886
87405
82109
-27393
54
-91180
41913
-83267
-76014
87286
-43218
69296
-77881
74214
-6499
-46405
-15221
-5832
-88686
-26438
74048
-11770
-5348
-3367
-77219
-95071
91782
41472
71459
-45469
91973
-97472
13506
-27712
96116
-72128
-73248
64695
11391
41895
7402
11723
-36421
89020
45276
-47289
20549
293
-19897
-81156
97373
27153
-33281
-89307
-49832
-97318
1605
98508
24073
-25308
11632
-54609
30597
-59703
-87712
41735
-13601
-41343
-76185
14792
59922
33905
79368
-16651
-37946
21439
-53648
15029
-4579
65
41873
-81068
31979
-20476
23654
-38766
-60829
-79437
-84581
-89097
15343
34786
32037
-27597
-96283
46717
-19321
-85971
-14073
-42465
-21448
69365
49236
-75344
-77560
69774
16494
74899
39275
-96432
-3802
-58082
97697
29833
-31850
-96253
47762
70136
18142
22481
52133
162
-55641
-61307
-10139
93940
-64520
-19791
3074
41646
-94766
3811
-42534
-24153
66791
-12622
39829
-39802
72825
35740
-98761
24753
8877
85113
-2221
-90691
58220
-9255
-58586
6050
-17128
-15256
12074
-78594
-37138
-70706
-50952
-97323
-61487
36526
-82235
99185
-22917
20986
81664
-66750
6896
-39511
-18259
-72203
-5722
-42303
-2078
41339
48864
-65031
-40568
81274
-97266
-80654
87271
-74574
51733
41374
81003
-24981
-22589
37155
82097
92979
15556
10184
-79751
-64627
-5724
29571
-17704
-99493
43765
71437
-17427
18968
84121
-4243
-95822
17142
62919
23177
-71155
1662
-71402
-49133
88081
-53207
97324
35487
47445
-12764
9900
-76188
-19642
42210
-77359
33627
-30170
19007
30125
34725
-83562
38276
42586
-1031
-44984
-5940
-36314
-85389
-61681
70830
-74613
46699
-17946
-70329
-93571
81948
22192
63162
91135
79635
57167
-43808
84949
68285
-55921
-59446
70721
-64784
-92531
-54848
-70804
-53622
84777
20094
-23057
-77760
13212
96295
90125
79400
48847
71266
81968
-29011
-38756
-87408
36945
17216
68764
23930
25511
17140
47667
22580
-39212
-14539
88117
-96500
30681
-34593
67618
84242
53478
87984
-27817
-43032
-56425
4926
86346
56700
15479
-74929
74709
14819
90050
99034
-5005
29735
81658
-73961
-28889
82761
-63524
37007
-56781
-57078
-19410
-21608
-68578
30670
-3583
75766
-22183
44081
35559
-51748
31827
98615
75736
54295
-82421
18496
33717
74443
-76448
2942
-26573
-3782
59377
-86812
39577
-1905
-81928
21207
43512
-67195
3794
-22778
-62
17149
-80982
-5616
5218
-11733
51903
17168
61972
39685
-14130
-4914
72457
11046
-93587
82749
98412
-5594
64697
-33209
-38782
-88716
21906
-70366
-90072
30898
-412
19206
-14657
92178
-76770
-37006
1874
-64329
-9543
96214
-39829
59067
24961
2562
71568
23539
28087
-72049
-12844
-93953
-61764
-30841
-36200
-58891
-77471
-45482
-74799
-75645
-47714
-81107
9742
85860
61450
-62780
53485
80808
75346
-69785
91957
-36409
-92049
-49412
14229
-5657
-28384
56443
39369
24244
80673
-94178
-21948
83579
-33351
48763
-44437
60159
-36843
85518
-46520
10947
11144
-43164
5814
-63743
-46856
-33568
32476
5148
99972
-72144
94079
7764
74481
-34149
26207
-5092
81479
-9690
-63942
-57316
51172
62906
-15102
25941
84116
8553
-5347
-76728
77431
-15430
2674
39654
21793
-32145
-84749
35772
15328
43009
30513
-53147
23566
-18292
-70412
-76032
39802
-96579
-96569
62914
83424
37342
40542
-99361
49821
60292
35595
-24751
-80495
73599
-91769
-80035
-26681
60076
-17119
89158
-81010
-37372
-51320
66983
-76511
5242
798
35426
31549
-44455
20466
87831
-74067
-15899
-35954
85086
69005
24686
60588
-65349
-69723
77758
-15880
31785
-7958
9307
69712
-11878
38410
12044
41024
4835
-63615
-23625
-26868
-31396
68453
71563
-33369
-92448
-90493
-51130
-21493
-88131
51092
68169
-60299
1737
92482
-48026
21058
15690
-41673
-48183
80950
-54845
48884
-16567
-66748
-64835
68106
35451
-94951
5027
78959
85867
-91426
22034
1178
3618
64012
-10574
59089
33801
-25981
87904
50183
58825
-38033
-317
39080
-39395
-44002
-23675
-11565
-2181
-26266
42620
79531
-49982
85716
-32219
-40201
-82743
41750
47667
-59028
54091
43666
-62913
-73098
52036
16676
-46321
-52745
97239
30194
15260
-44828
14706
-69742
52449
63176
-7827
1616
61024
73887
82004
-57410
99591
46178
56131
54717
91585
-37158
889
50365
-16168
56109
44219
85643
89434
-13230
91243
94102
94345
98415
57229
-18515
84115
-29435
-64211
397
-21065
-42566
74340
-14032
-47403
-36381
-16520
-94609
53686
71625
3269
13486
-47157
-71430
96040
95558
-35485
-25206
-50381
-6299
6726
-40578
-21803
-42049
-52900
80241
-86279
-17127
-42839
22738
-43655
-25525
-76328
-86058
28428
-25687
-90825
53688
-61315
-93562
-53418
97097
58744
-30448
-69777
64682
-22803
26589
1962
-697
91981
36734
14278
-52016
69609
-30361
42544
64591
-74882
-84826
6419
-47563
-26363
-56430
-87294
-39655
-24192
10426
15661
-56418
-81573
20466
-87533
695
-56704
-17149
7772
-7959
37673
-17440
-49676
-67477
-82588
16394
64831
50253
16258
-24674
63501
-25103
-74301
87680
-92604
12944
-25704
-96914
-1130
2753
60750
-63028
8245
54684
53341
51266
-95324
66860
18086
-5311
-13297
38133
-61434
3959
-48275
-99097
-11814
79188
-1706
49749
-20474
-40344
70763
6174
-4313
8415
82941
-5031
-41541
-31263
-713
-83575
-37673
49527
11923
30697
15738
43056
56313
-1015
54532
-27340
-34849
-5177
-91799
74298
3250
-10794
58396
31807
4806
67451
-74637
-87932
-1081
-8491
-21037
-42129
56668
72782
23517
-88807
-56814
-37317
64529
-79614
-14748
-32868
46609
-94856
17188
-40108
-41793
28524
32665
85227
-88876
-77129
57690
92769
10188
-6609
65079
-78278
63462
34979
31747
65775
93217
-14072
3502
46613
96885
11300
55526
10428
-83136
69166
-88238
-42760
-9715
13156
99872
4273
-16991
-86116
-82085
13792
-86184
52051
-36830
58564
150
76518
-88852
-75707
-18714
-82200
43619
91804
55857
38874
-92516
21307
-9160
59400
58639
8931
-55913
5443
18358
-97582
-36794
-84381
-90
71770
7784
-30179
34565
52490
-79975
95744
-2614
18493
5897
-50814
-7276
-75949
-31862
45402
-15570
-69756
35735
-22250
32026
-7447
-27079
-74922
-65369
27059
26461
77372
-98893
85893
15
-98173
-36330
5579
89427
-24619
45528
-68802
-13361
-49046
52001
-29491
25426
-35919
-5356
22667
27288
-94362
-58118
69577
10449
-41269
-72311
-82925
-88189
67953
24082
-3836
-53216
94634
-85416
50931
66953
35815
-88282
33836
97119
83851
39951
-83909
-39188
33499
-39280
11826
-40519
-9065
-92671
19637
48114
-24601
-87312
-19949
23423
-58140
-62042
-39330
-91238
-87969
44213
-70468
83226
4515
-82540
-63001
-35781
-71999
36674
-77538
36014
-1733
-82209
90975
46113
10508
96657
68272
-1268
32917
-5983
-84163
24282
-55601
42420
-24031
-73025
94454
43194
-41163
24210
-98900
-82262
-65099
64510
-20586
9692
39692
-46429
-67878
-49776
-53238
-73065
-64712
-74071
83079
68441
-87046
81406
42918
26748
-91884
-63722
10465
86728
52591
-68928
83755
-99142
3234
-71395
-6125
-69269
24326
10134
-24764
-77292
28830
-70880
-89782
-92462
-52003
-63884
95400
-65959
98203
-65343
-17788
19868
-94624
12516
-75955
38177
-93072
64954
-55674
17736
36516
81896
39538
-70323
95154
38746
-42758
-19115
-33342
24189
-29011
-56256
-39674
81262
65197
13976
-60334
-76133
37033
24980
-90380
54815
-71513
35669
18304
74358
72616
66921
34727
-47253
33188
-42277
-87825
86462
-4890
35886
57542
79480
-35244
-73823
-85594
30872
7311
-7408
9772
-85408
73054
-65382
47264
-16810
-95888
-60752
-6303
24280
61727
-76489
62860
-20233
-75239
-98329
76470
-21167
-13290
13573
20675
78294
-36529
-63307
-7547
-59619
-54508
-13036
56820
-94754
-42112
35187
-37730
-55042
-49471
5023
-3783
-24732
97745
14194
70963
83129
-16580
-99334
-19973
83947
29025
-31655
-34827
4347
-8600
-21251
76028
16609
12303
6587
-20452
-39875
-11711
89316
-60525
80441
6350
90967
-37982
16646
-52878
3738
-78530
28891
64124
41112
75866
-57595
-80601
50365
98169
76704
-93969
-87035
46129
42166
62984
-71085
-92117
5072
-79529
-81235
99889
99731
16350
5704
4161
12317
-36402
-22519
67644
33646
-58209
22342
-33731
91558
-85836
24351
-31408
-7808
79407
69987
-8694
29459
72998
81418
41772
85174
50900
55907
-6892
82895
38619
74756
24469
-59905
65847
99321
2860
62265
72931
-21142
76874
-60247
81695
-42828
-32883
59865
-28732
87953
-24308
75263
-85808
8885
65808
-56463
13450
-18784
18559
89612
-27951
-39578
33475
-66497
75180
4330
-87384
-75833
79170
-16081
-93949
-18304
-3334
-44733
99188
52697
16758
-89261
48049
46739
40896
-9207
30909
50845
-90041
-45865
-79208
97816
-70598
66667
24120
-13331
-1948
-75865
-94261
91459
-15788
13346
53172
-789
-15012
-72124
-54443
62923
-28786
55808
7712
-90574
-24610
33017
-33285
-35585
-97494
24011
83818
39192
13658
-89248
-34177
74084
-44768
70729
91805
-15253
6757
20551
59844
-70971
80567
-99850
-94498
59236
35643
26585
-73891
-11511
54863
43110
-38081
-61106
-23290
45352
-52725
-40829
-80694
-32966
-28768
-24283
-72321
-54543
-39018
59066
-12422
43411
-17452
81840
-35752
-491
-62940
18441
45157
-2193
83815
32448
51008
-73849
88045
-65682
-18531
-68301
-118
-40837
66550
4481
92939
-94193
20695
2490
30069
-47358
64166
15004
72654
4487
32826
23732
33458
-62701
-37832
-86540
-59597
24695
-361
-98075
-60354
66574
-2082
29031
36265
-3183
29216
-84935
-32861
-3015
7363
38398
84749
12355
-61638
90872
49521
-62336
-64052
-26785
-3759
91068
34144
-44998
-31817
-93386
-21310
-22573
-30750
-40694
78509
81949
-87475
-70280
-8728
21973
71852
-56620
-90472
-99453
-51568
12713
14606
-89536
-32394
52591
28359
-61468
893
17667
-76585
-15052
43710
73389
74831
-51721
-83406
-94021
-45499
-98759
4933
16786
-42133
-70254
-9226
-6969
-8259
97668
-777
47149
611
99550
-3360
-43334
-67257
81397
-31127
-36266
-21798
-12539
-99162
89208
-10241
5740
-29405
-3361
-41440
28001
-72425
62351
17112
13
-67916
16182
42730
-63988
-91887
97986
33016
42563
11947
39128
-45158
22212
13668
120
-40616
9410
88147
74105
24055
31105
-23600
76074
-11833
35365
-22917
-1813
-56600
-79693
56220
-39384
-54672
-51150
24639
48081
1684
-61197
36763
32852
25751
4023
15572
96081
50023
-80129
51410
75020
-84852
-10929
-9764
-75530
-36206
45011
97214
-73447
88976
74325
96928
-36928
57690
49618
-77686
-58285
-65150
76807
67807
59416
-99142
73450
52412
-37207
75515
32760
61953
-91701
-79422
-65673
26288
62294
-47025
-78185
-67251
36519
43291
11506
56570
77981
70267
-86471
-51667
-65513
-57728
3476
15437
24511
-27701
-48873
35327
89952
-18288
-40947
-73295
-89769
37612
-77624
51805
45257
37604
-88918
-2015
-5865
-25664
30817
-65018
49659
-80510
58769
7292
97087
79215
-87955
-53773
-3231
86206
-88432
40183
83200
97643
12149
79512
64512
-93501
-15282
2730
69513
-22181
-84866
19386
57004
-19798
28427
75049
-520
-1263
72428
44919
-36777
-25674
44499
-2613
-83591
-57182
85561
83608
72991
8281
-55308
51259
-53789
-80706
-9394
26404
-63835
-37058
-75859
15737
-11230
64700
91843
-4748
-92339
-9650
-84645
-5773
-72424
13392
30305
73092
-81831
-69999
-25420
24491
68229
-67954
89616
-484
85109
4851
99348
-78759
-25536
33575
21613
-55953
86816
-89873
-46983
45380
-66520
-33356
46297
-91972
42128
69167
-17659
-63365
79339
-68233
-21774
-72514
-13223
92700
-55487
-59819
-2760
18752
-6907
31739
24809
97123
84749
61587
-9815
49125
-10340
-58302
-27848
15384
-14858
25426
-36408
-26652
-2295
64437
38583
-35982
17105
-72825
-54961
54535
4385
-70176
79700
-17813
68229
-84875
10843
-90623
-99559
-42413
70833
-43580
-88372
58594
-65411
43018
2374
-75568
89318
-73745
-44558
61867
-84319
46479
20759
94786
-36126
-50795
-98046
17720
95406
-77333
-43313
-53750
-2068
83277
95682
49852
24226
74541
-9744
-65451
-6952
-41740
-45714
26907
-89081
-20804
83260
-56944
75295
-74934
-59433
-27041
-48509
68620
35157
-20260
90412
-72574
-7326
-30889
-68590
58473
-39317
88158
64191
-93866
-32407
-32309
-92080
29364
85720
-71834
-2590
78517
60258
69587
-99160
18427
76295
-17284
55298
-39648
-3156
-46746
10174
46897
61676
70514
-11968
80194
35273
14570
21151
-26159
12270
-18379
82836
93556
-80750
-89101
-57492
-48605
-96869
-1369
-76348
48578
97291
-36042
90341
1697
93877
8415
8426
-39184
-50570
-38647
-12408
14606
8921
-56035
24197
80727
36288
-7778
-9373
64187
65080
82793
93392
-99504
-40376
-35126
51827
-18552
-94923
37789
52455
12092
-42473
65250
20012
-40567
-53300
-11607
-23931
76285
-64042
72148
-50137
-40194
-45125
21378
-85611
-1716
90736
97741
-14551
28625
89821
-70639
-17215
-92578
17524
-63880
46211
44262
-21902
50382
-94865
-59462
-14987
-27728
25045
90906
29850
34164
67817
-54840
92540
68426
-58251
5704
75507
-62901
51137
-4770
18564
9907
-85699
17286
76424
-65855
-65152
-62673
94835
99256
-36606
-32797
16470
-62620
66086
11299
14501
10601
50832
-30587
10415
98363
71829
-84665
-28665
54548
17877
-34920
-81871
-14591
-8206
77939
96673
-45130
-69512
54422
-46012
-34644
-29695
-69863
97827
-51158
47687
90682
-11164
26909
17882
64194
88850
-22225
-50023
-72399
-31601
81376
-64059
-47970
-39216
-78005
-50124
-80066
-74810
-7304
-65461
-17118
1560
-73455
34946
81279
13102
38623
-30684
59344
-68953
24003
92737
53352
-50668
42289
93996
88970
15411
-54383
-51850
84216
16740
92046
-25417
-27281
-10478
77870
39204
-13866
-86874
60067
78313
-60530
-55083
-54181
67797
-65168
87164
-55071
98616
-81495
-23944
46588
51672
-7825
15673
18236
95869
99162
-75957
16823
21772
-13361
19751
-81490
52829
-81987
-50868
-54157
-21870
18315
-67049
-45940
85391
-51621
-77693
91211
3784
31939
-5532
-72772
-85567
-89977
-54870
73708
-68147
60900
-80836
27603
55628
10186
-54655
-64811
4795
-38248
-15825
-80944
-8615
30936
-57145
9582
-29649
-65483
73758
75501
-7900
79072
68291
-79119
39528
83261
-85162
32726
8806
-62223
-4613
-55430
-69391
85345
51742
-26183
-10447
-55402
-61898
31306
-41724
-46590
32560
-73072
42012
-92068
-40508
-17903
47623
87594
-22908
-13835
96046
-86791
64371
56878
-14447
-19708
-33267
20062
21586
-37589
14319
58315
-54248
-68608
-60830
-33138
-17083
6879
94114
-99969
-40502
80029
45482
-27681
-64141
-66929
-88967
2572
107
-61100
-52726
-25789
-78736
25264
-61334
-4644
2903
-2132
-34448
93654
34701
51009
66770
-63588
-3818
6893
45898
-38158
-64473
65901
-93005
-36414
-60244
-20351
97181
-18198
14297
70893
69200
-76419
-61553
55312
57964
-93110
-40169
-26060
1251
-23411
40360
-90281
11628
54910
-58199
-61332
-88886
42794
-72626
-72234
93858
6768
-70940
-27930
-31065
98475
23173
-50560
7869
42530
-86737
16414
-54083
74283
78583
-4927
-51730
79337
14070
42997
-69555
-19832
-96976
-74091
-67555
91183
-66017
-42465
12708
13507
-8080
-31802
-32004
-35857
35083
-26460
-61157
83361
49723
92791
82892
-19537
18566
-62881
-95325
-46470
-13919
4277
48647
-76957
93168
-65231
-65469
-71004
26204
75210
51326
84797
7678
-61788
-64434
-97321
54475
58346
-51110
-33074
43395
-45103
-57428
65907
-31579
-65476
-42407
-23739
-87752
-73299
-73005
-40919
23254
63222
-45744
-4634
-16954
83463
94432
67361
35779
86214
88553
3273
-32200
62319
37688
18697
-85228
34417
91600
84195
61191
-12856
-7531
47998
-20649
7776
-4112
17351
-37711
-14009
-33146
-53877
93306
91752
88489
89832
-30564
-68743
6195
-56557
75432
-85125
33171
-6271
-46637
12655
6787
-81503
48436
-20568
-99172
65041
24017
26404
78068
97835
43515
1313
50138
2100
88625
26617
44173
18491
27009
-35298
88629
-61103
-7648
-2867
36786
-77972
-11507
-52687
48466
49881
93452
50561
-28351
96695
-98768
-42014
-46790
-84068
56690
90503
-87279
7274
-20633
11907
-74884
-83999
-90106
-51585
-92111
47319
62562
11603
-32792
92065
-34858
84269
-50662
-94622
93679
-51434
-24985
48955
2991
-9748
-85919
-61805
-8772
-3520
-49125
4774
10901
-56669
53274
66521
-68514
-28408
72522
-23060
-95204
40523
-46029
-31200
79530
-57963
-13546
95218
-63921
-45570
-38225
-63012
-91847
-42649
86032
44952
-89248
96264
-89506
43374
-53655
17883
24482
19494
43970
-66964
38961
58387
-57782
72979
43448
-53727
97213
60201
-28576
-41263
11703
-12187
-26344
-31466
5895
8128
53952
75518
43866
58356
-23691
48359
65964
96210
-27978
78961
-86164
63634
78166
-51910
-83037
-2666
60847
-97582
36400
11321
-3661
-50855
-1106
81321
93336
3086
-43707
-1755
21664
-96062
17241
5141
-78645
38372
-96115
94367
38776
-27286
51324
-65137
29402
-33734
-12630
-15007
42205
-34592
12878
53142
12652
62667
-81949
591
16090
34268
49637
-59917
89006
62334
36195
-92325
-92502
76597
57243
80331
81399
41820
-26297
-50213
-85511
37365
-3808
32550
-30994
60041
47426
-13337
-76476
62060
49410
-57692
41278
-13763
-57068
47775
-4313
-92446
3215
66990
-48188
-75694
87537
95868
-82905
-14251
53097
35498
-15067
-52419
-27400
-95939
49983
-71012
-40349
74126
93844
60635
-5329
73480
58187
74295
-89311
15625
-26508
-42297
-80898
42551
19093
75779
-12716
-20465
-78099
4241
41409
91243
-62509
-80981
-83605
-11048
-86544
80461
-36377
-45916
34346
-14262
-5133
-32556
-65639
61924
12994
-17199
40682
-54802
30907
-20473
8201
-96354
80002
-43441
23145
50792
5253
8134
29621
-71499
59502
42551
11167
-16209
23680
24081
-54511
35144
-77200
80570
84806
-24633
59300
-8004
-10090
-67575
-49384
82909
36720
-81789
76752
27446
605
-84873
-35081
91167
-9076
33298
-54606
-7896
80186
70303
37935
-3847
40637
-43344
69593
30561
93995
33394
10024
-20730
20273
-86206
-25701
-16328
-57557
-5926
4574
-49667
-4166
23513
-87329
-87860
-72637
-13354
85939
-42727
11661
42604
-38375
20849
4277
-17489
-66445
7803
6273
-59378
-116
-55859
-29263
-69059
16509
57859
-76274
-89521
11735
68535
61553
-19531
-49781
-92979
-74453
95037
16463
-13062
68751
23041
7612
6003
-39498
-26288
-99178
-24273
83281
13070
-78146
-79227
70517
47307
-69115
90411
-14997
11889
68860
99235
7519
-73352
25092
52841
-44463
40882
81475
99328
-68884
17517
-93502
80360
-17256
74358
-97054
-20716
-35942
84001
-79880
-55477
-14574
5816
84912
92928
-25303
-6544
-10195
-9150
-7263
-33955
84941
3426
-87325
66644
74589
6272
-58798
38458
73065
-4173
-85876
29891
70988
-90809
46970
83232
86632
-55455
76824
-1846
48093
98563
60168
51084
-59789
15666
86371
12005
-30795
-43565
-9075
84418
-70596
16049
68730
-51581
1422
60878
-84773
-11648
-36565
-82236
46192
-60163
-95091
21234
31399
39910
-42930
-67675
50271
-22827
-6391
-79952
64923
92342
58759
93493
-6514
50449
-6362
44226
-50434
60543
52195
26910
-81450
91831
47585
-36238
-45927
-76499
-41336
-20868
56243
77485
66542
-17810
72835
14351
59208
27411
-64377
-24857
-26588
-78286
-71041
17382
82469
-60961
-89032
95474
-93361
62068
-7660
43876
39137
49197
-15241
21061
-48541
95180
-43722
-38132
43283
-62678
60473
-56108
-64538
-36009
-87665
40051
29540
11659
70914
53709
89386
24266
-35225
46077
22124
-22821
31987
86098
6279
71896
63007
-46125
-68528
-80625
89475
17628
-1668
24129
-50664
-33673
-11729
-44279
50006
211
-99549
-68466
90235
-63771
-71840
-66787
44771
82180
9674
-33224
-34913
43949
54363
-50466
55661
4726
-81128
-20222
15387
36778
-90571
19752
-81498
816
-36821
-1779
-94325
15660
-40459
63790
34626
35329
-37863
-1691
35946
-17669
-74704
-97378
-74192
12082
44152
94691
-28966
-80834
-145
-99349
4013
88827
55090
-58475
55537
30532
-13571
-73177
-47538
4363
40230
-26635
-72633
-95174
87117
3091
-19673
-21027
808
33776
10961
52698
32619
-10032
-51341
-26626
83994
82720
-10294
-80584
98122
-84541
-96612
-5479
-38845
72469
-99141
-1668
-32683
-86210
29126
83766
-46213
68548
77510
-72322
-37248
96728
-81648
46128
-86418
-65095
-85487
-72250
74237
-90481
-53192
-50551
17719
80781
60405
-14997
-67868
52001
95911
93763
43216
32488
-95390
2898
73891
-2687
-95849
97383
-26334
-41270
27639
-71535
-75113
-48843
32780
-41256
77316
-44867
16456
45977
-92269
51861
3053
-38826
6641
-58318
31886
36348
74062
43728
83749
-37241
-85197
-6155
44453
24820
12149
-20149
84899
58032
98754
49974
-70172
49896
92507
13417
-7178
-45494
-48403
12056
98768
-89200
-21371
-5885
17988
36703
3025
-394
-20646
56586
-27218
-36614
-49578
27774
75151
40304
97189
6953
92547
26760
23147
-6009
24050
14613
98097
-1460
-2218
-65429
69236
-81645
39169
-52583
64209
85147
32924
-74998
34484
-37332
62028
81691
-53318
78697
-60308
85223
-87565
-78764
5514
-59370
85499
44832
-18814
-57046
-62864
-1143
69859
86874
55232
65501
-51975
-11653
45870
-94359
-15397
62747
40116
85535
-90671
-42081
-15531
56007
12483
78589
62074
-89398
-24438
-42164
57936
-63027
-53173
22077
-12306
51273
5195
67149
-50266
20693
58881
43760
71778
31676
75898
-59937
86078
97698
42437
89917
-45039
17495
-64318
6741
-40216
85702
28663
-76318
-23480
83651
-28191
-18760
63258
28892
12899
-70812
-23956
-48629
96443
32180
-59459
62266
-91232
-35459
55480
-44055
-3872
-84494
37843
28483
-96177
54232
78053
-97517
-54916
-56846
-8447
-51606
-5511
-16065
-25968
40849
-35690
-78892
-78837
36576
14216
-30759
-76229
-6459
46151
-50405
44426
31948
-58951
-78335
-97086
33886
23135
34886
98056
68654
-53628
-94014
95479
50752
78253
-48367
-74339
52892
-37264
4832
403
-85574
36924
5939
14015
38358
35885
-25867
-62961
65815
6888
-42211
83085
-52701
-66676
-29420
-35319
-69130
-8871
98732
-28485
-41717
-10580
-78151
57482
-4631
50100
74656
-72659
-48756
-83447
-13815
-67117
76934
-14007
1581
-32552
43503
4095
-73097
29810
-99293
-43843
54632
79950
5840
-87084
-55240
92143
32557
96182
99813
59839
13416
-28905
53646
20358
62525
74832
-79491
-9380
56724
22668
-51295
71652
-64925
40623
-99695
6139
-62300
51323
-45061
63263
69065
-85122
-7226
82522
-30268
-32760
28148
-90122
-2339
-13632
-63773
-35009
48764
-46297
-66333
-80720
-20503
10499
26249
-48470
22577
-69418
-24726
-60568
41386
-99377
79502
47194
-22914
-40835
-19310
-44137
25215
86230
32887
77698
58739
-49576
80792
-48195
-21322
68610
57855
-43619
81917
62652
92653
-81383
-990
-25134
-53750
-61276
-49340
-35111
-56446
-94009
95482
55126
37295
-60176
-20765
17320
-34640
93329
-82055
4424
-26647
-74974
-51590
-32788
32717
-13466
-84812
-40322
-14393
49671
58380
53214
90055
58469
5651
63943
70127
67744
26049
-46244
10829
-87311
-59260
-24540
93495
-88602
-15424
-91545
86119
85540
-91063
20612
-2402
-99256
-52687
-9510
-17038
19604
86568
56357
32859
50650
-85454
77805
7762
-24678
-23338
-31938
-26155
65765
-15481
69994
-31572
47746
34165
-72157
19351
41309
9882
-12961
-56994
64587
88601
-96338
-27413
-72132
96061
-23228
71723
90611
-86748
82537
38918
57860
4119
53350
-52600
84347
35061
57667
23022
77126
-80681
47976
-11219
-39319
15436
54197
-24958
16987
95875
55444
7349
-50324
30705
-75686
-85790
-87623
21829
-67875
81313
-54922
-30704
-2461
-59402
-84947
48411
20361
-95141
